1 1 1 1
2 1 1 1
3 2 1 1
4 4 3 2
5 7 4 3
6 7 4 3
7 7 4 3
8 9 4 3
9 20 7 4
10 21 7 4
11 20 7 4
12 22 7 4
13 23 7 4
14 28 8 4
15 28 8 4
16 28 8 4
17 29 8 4
18 32 9 4
19 43 13 4
20 71 20 4
21 33 10 4
22 95 28 5
23 96 29 6
24 96 29 6
25 96 29 6
26 24 7 4
27 24 7 4
28 35 11 4
29 36 12 4
30 36 12 4
31 5 3 2
32 5 3 2
33 5 3 2
34 41 14 4
35 46 14 4
36 98 31 7
37 51 15 4
38 56 15 4
39 51 15 4
40 54 15 4
41 52 15 4
42 55 15 4
43 51 15 4
44 97 30 6
45 3 2 1
46 104 32 8
47 48 14 4
48 50 14 4
49 27 7 4
50 108 33 9
51 108 33 9
52 109 33 9
53 110 33 9
54 28 8 4
55 47 14 4
56 49 14 4
57 31 8 4
58 10 4 3
59 11 5 3
60 11 5 3
61 11 5 3
62 11 5 3
63 18 5 3
64 11 5 3
65 11 5 3
66 11 5 3
67 111 34 10
68 112 34 10
69 113 34 10
70 114 34 10
71 19 6 3
72 19 6 3
73 37 12 4
74 39 12 4
75 38 12 4
76 34 10 4
77 52 15 4
78 52 15 4
79 115 35 11
80 116 35 11
81 117 35 11
82 115 35 11
83 118 35 11
84 13 4 3
85 122 27 4
86 119 36 12
87 107 32 8
88 26 7 4
89 106 32 8
90 105 32 8
91 42 13 4
92 120 28 5
93 40 12 4
94 57 16 4
95 25 7 4
96 25 7 4
97 25 7 4
98 25 7 4
99 58 17 4
100 121 37 13
101 121 37 13
102 54 15 4
103 53 15 4
104 70 19 4
105 95 28 5
106 8 4 3
107 36 12 4
108 36 12 4
109 59 17 4
110 6 3 2
111 72 21 4
112 72 21 4
113 73 22 4
114 75 10 4
115 76 10 4
116 76 10 4
117 76 10 4
118 74 22 4
119 76 10 4
120 77 10 4
121 78 10 4
122 82 10 4
123 78 10 4
124 78 10 4
125 79 10 4
126 78 10 4
127 80 10 4
128 78 10 4
129 79 10 4
130 74 22 4
131 81 10 4
132 82 10 4
133 82 10 4
134 83 23 4
135 84 24 4
136 85 24 4
137 86 24 4
138 87 24 4
139 30 8 4
140 30 8 4
141 12 5 3
142 14 5 3
143 15 5 3
144 12 5 3
145 16 5 3
146 12 5 3
147 17 5 3
148 33 10 4
149 44 13 4
150 45 13 4
151 88 25 4
152 88 25 4
153 88 25 4
154 88 25 4
155 88 25 4
156 88 25 4
157 88 25 4
158 59 17 4
159 61 17 4
160 59 17 4
161 67 17 4
162 63 17 4
163 59 17 4
164 59 17 4
165 59 17 4
166 67 17 4
167 59 17 4
168 60 17 4
169 59 17 4
170 60 17 4
171 59 17 4
172 62 17 4
173 62 17 4
174 59 17 4
175 59 17 4
176 59 17 4
177 65 17 4
178 66 17 4
179 62 17 4
180 63 17 4
181 64 17 4
182 59 17 4
183 68 17 4
184 68 17 4
185 69 18 4
186 69 18 4
187 99 31 7
188 100 31 7
189 101 31 7
190 102 31 7
191 101 31 7
192 103 31 7
193 89 26 4
194 90 26 4
195 91 26 4
196 92 26 4
197 94 26 4
198 93 26 4
199 92 26 4
200 60 17 4
